26
OR405525.1          0.0000000 0.0000010 0.0039486 0.0893253 0.0773084 0.0829780 0.0243731 0.0267238 0.0221256 0.0301417 0.0243731 0.0265991 0.1436144 0.1430036 0.1554678 0.1631402 0.1588777 0.6544809 0.3205083 0.3105091 0.3091536 0.3105545 0.0830901 0.4257839 0.5018391 2.6709844 
OR405520.1          0.0000010 0.0000000 0.0040241 0.0893253 0.0773084 0.0829780 0.0243731 0.0267238 0.0221256 0.0301417 0.0243731 0.0265991 0.1436144 0.1430036 0.1554678 0.1631402 0.1588777 0.6496567 0.3205083 0.3105091 0.3091536 0.3105545 0.0834030 0.4299433 0.5063196 2.6342857 
KY659432.1          0.0039486 0.0040241 0.0000000 0.0935403 0.0813584 0.0870946 0.0255313 0.0278926 0.0255848 0.0313199 0.0255313 0.0300866 0.1484085 0.1477675 0.1605038 0.1680510 0.1638689 0.6396021 0.3337613 0.3247944 0.3233526 0.3248431 0.0849723 0.4128476 0.4869758 2.6044189 
EU241702.1          0.0893253 0.0893253 0.0935403 0.0000000 0.0568247 0.0594724 0.0927068 0.0898727 0.0957820 0.0909949 0.0927068 0.0921312 0.1496234 0.1575043 0.1533981 0.1849518 0.1785936 0.4481129 0.3886591 0.3831624 0.3806344 0.3771222 0.0513756 0.3814038 0.3992897 1.6544035 
EU241701.1          0.0773084 0.0773084 0.0813584 0.0568247 0.0000000 0.0197988 0.0861225 0.0833612 0.0835036 0.0817568 0.0861225 0.0827937 0.1406254 0.1500683 0.1423420 0.1635622 0.1570975 0.4343168 0.3833071 0.3678251 0.3654517 0.3619444 0.0267510 0.3998410 0.4133502 1.6328903 
EU241700.1          0.0829780 0.0829780 0.0870946 0.0594724 0.0197988 0.0000000 0.0889933 0.0862113 0.0920029 0.0873237 0.0889933 0.0857195 0.1278736 0.1338582 0.1372239 0.1569384 0.1487044 0.4243150 0.3847306 0.3711807 0.3687846 0.3652913 0.0290870 0.3848706 0.3964241 1.6369049 
EU241699.1          0.0243731 0.0243731 0.0255313 0.0927068 0.0861225 0.0889933 0.0000000 0.0064270 0.0199087 0.0086450 0.0000010 0.0290658 0.1395435 0.1391540 0.1495904 0.1590725 0.1547204 0.4783414 0.3867891 0.3839402 0.3813995 0.3778806 0.0748103 0.3877104 0.4110225 1.5486018 
EU241698.1          0.0267238 0.0267238 0.0278926 0.0898727 0.0833612 0.0862113 0.0064270 0.0000000 0.0245443 0.0130789 0.0064270 0.0290858 0.1363575 0.1359817 0.1462477 0.1590019 0.1546510 0.4695897 0.3918972 0.3809974 0.3784755 0.3749419 0.0721342 0.3927952 0.4117031 1.5366929 
EU241697.1          0.0221256 0.0221256 0.0255848 0.0957820 0.0835036 0.0920029 0.0199087 0.0245443 0.0000000 0.0243396 0.0199087 0.0221505 0.1496916 0.1524362 0.1619683 0.1598225 0.1554596 0.4671020 0.3718507 0.3726947 0.3702695 0.3667565 0.0749117 0.3777485 0.3901696 1.5841948 
EU241696.1          0.0301417 0.0301417 0.0313199 0.0909949 0.0817568 0.0873237 0.0086450 0.0130789 0.0243396 0.0000000 0.0086450 0.0348885 0.1358901 0.1355175 0.1473764 0.1616495 0.1573565 0.4703653 0.3611154 0.3665000 0.3641095 0.3605571 0.0706088 0.3864795 0.3945080 1.5476638 
EU241695.1          0.0243731 0.0243731 0.0255313 0.0927068 0.0861225 0.0889933 0.0000010 0.0064270 0.0199087 0.0086450 0.0000000 0.0290658 0.1395435 0.1391540 0.1495904 0.1590725 0.1547204 0.4783414 0.3867891 0.3839402 0.3813995 0.3778806 0.0748103 0.3877104 0.4110225 1.5486018 
EU241694.1          0.0265991 0.0265991 0.0300866 0.0921312 0.0827937 0.0857195 0.0290658 0.0290858 0.0221505 0.0348885 0.0290658 0.0000000 0.1356371 0.1416684 0.1486047 0.1517784 0.1456306 0.4550081 0.3948443 0.3816871 0.3791750 0.3756646 0.0690446 0.3793706 0.4131877 1.5581844 
EU241693.1          0.1436144 0.1436144 0.1484085 0.1496234 0.1406254 0.1278736 0.1395435 0.1363575 0.1496916 0.1358901 0.1395435 0.1356371 0.0000000 0.0257837 0.0732556 0.0802994 0.0779203 0.4858147 0.3696299 0.3729475 0.3713187 0.3730323 0.1305632 0.3545804 0.3645613 1.4228712 
EU241692.1          0.1430036 0.1430036 0.1477675 0.1575043 0.1500683 0.1338582 0.1391540 0.1359817 0.1524362 0.1355175 0.1391540 0.1416684 0.0257837 0.0000000 0.0743354 0.0744759 0.0720281 0.5031926 0.3788784 0.3700150 0.3623872 0.3640531 0.1398344 0.3652746 0.3630111 1.5259893 
EU241691.1          0.1554678 0.1554678 0.1605038 0.1533981 0.1423420 0.1372239 0.1495904 0.1462477 0.1619683 0.1473764 0.1495904 0.1486047 0.0732556 0.0743354 0.0000000 0.0656227 0.0645276 0.4730149 0.3924378 0.3526580 0.3451502 0.3467145 0.1384964 0.3532652 0.4009742 1.5210092 
EU241690.1          0.1631402 0.1631402 0.1680510 0.1849518 0.1635622 0.1569384 0.1590725 0.1590019 0.1598225 0.1616495 0.1590725 0.1517784 0.0802994 0.0744759 0.0656227 0.0000000 0.0032680 0.4653139 0.3937883 0.4082848 0.3960593 0.4022444 0.1628237 0.3693824 0.3963665 1.5855609 
EU241689.1          0.1588777 0.1588777 0.1638689 0.1785936 0.1570975 0.1487044 0.1547204 0.1546510 0.1554596 0.1573565 0.1547204 0.1456306 0.0779203 0.0720281 0.0645276 0.0032680 0.0000000 0.4677948 0.3903501 0.3936179 0.3813578 0.3875069 0.1563856 0.3674274 0.3902783 1.5709200 
KP202360.1          0.6544809 0.6496567 0.6396021 0.4481129 0.4343168 0.4243150 0.4783414 0.4695897 0.4671020 0.4703653 0.4783414 0.4550081 0.4858147 0.5031926 0.4730149 0.4653139 0.4677948 0.0000000 0.4172465 0.3939210 0.3920585 0.3895835 0.6065903 0.6093151 0.7291955 2.3870077 
KF581134.1          0.3205083 0.3205083 0.3337613 0.3886591 0.3833071 0.3847306 0.3867891 0.3918972 0.3718507 0.3611154 0.3867891 0.3948443 0.3696299 0.3788784 0.3924378 0.3937883 0.3903501 0.4172465 0.0000000 0.1066901 0.1098841 0.1094395 0.3085976 0.3136736 0.2870236 1.4042892 
JF750419.1          0.3105091 0.3105091 0.3247944 0.3831624 0.3678251 0.3711807 0.3839402 0.3809974 0.3726947 0.3665000 0.3839402 0.3816871 0.3729475 0.3700150 0.3526580 0.4082848 0.3936179 0.3939210 0.1066901 0.0000000 0.0023478 0.0031282 0.3004840 0.2956664 0.2459430 1.3458036 
JF750418.1          0.3091536 0.3091536 0.3233526 0.3806344 0.3654517 0.3687846 0.3813995 0.3784755 0.3702695 0.3641095 0.3813995 0.3791750 0.3713187 0.3623872 0.3451502 0.3960593 0.3813578 0.3920585 0.1098841 0.0023478 0.0000000 0.0039267 0.2991850 0.2977584 0.2428410 1.3474552 
JF750417.1          0.3105545 0.3105545 0.3248431 0.3771222 0.3619444 0.3652913 0.3778806 0.3749419 0.3667565 0.3605571 0.3778806 0.3756646 0.3730323 0.3640531 0.3467145 0.4022444 0.3875069 0.3895835 0.1094395 0.0031282 0.0039267 0.0000000 0.3005272 0.2919361 0.2425771 1.3747643 
AF291702.1          0.0830901 0.0834030 0.0849723 0.0513756 0.0267510 0.0290870 0.0748103 0.0721342 0.0749117 0.0706088 0.0748103 0.0690446 0.1305632 0.1398344 0.1384964 0.1628237 0.1563856 0.6065903 0.3085976 0.3004840 0.2991850 0.3005272 0.0000000 0.4122502 0.4843771 2.5257645 
AF325966.1          0.4257839 0.4299433 0.4128476 0.3814038 0.3998410 0.3848706 0.3877104 0.3927952 0.3777485 0.3864795 0.3877104 0.3793706 0.3545804 0.3652746 0.3532652 0.3693824 0.3674274 0.6093151 0.3136736 0.2956664 0.2977584 0.2919361 0.4122502 0.0000000 0.2689601 2.8848959 
DQ345763.1          0.5018391 0.5063196 0.4869758 0.3992897 0.4133502 0.3964241 0.4110225 0.4117031 0.3901696 0.3945080 0.4110225 0.4131877 0.3645613 0.3630111 0.4009742 0.3963665 0.3902783 0.7291955 0.2870236 0.2459430 0.2428410 0.2425771 0.4843771 0.2689601 0.0000000 2.5840685 
outgroup_PX489887.1 2.6709844 2.6342857 2.6044189 1.6544035 1.6328903 1.6369049 1.5486018 1.5366929 1.5841948 1.5476638 1.5486018 1.5581844 1.4228712 1.5259893 1.5210092 1.5855609 1.5709200 2.3870077 1.4042892 1.3458036 1.3474552 1.3747643 2.5257645 2.8848959 2.5840685 0.0000000 
