19
EU241702.1|Orthohantavirus_andesense|Unknown|Chile|Oligoryzomys_longicaudatus|NK120378 0.0000000 0.0607303 0.0636555 0.1032183 0.0998041 0.1075717 0.1016013 0.1032183 0.1028967 0.1850981 0.1924597 0.1906043 0.2293647 0.2199261 0.8551968 0.8724152 0.8590027 0.8658072 6.2133563 
EU241701.1|Orthohantavirus_andesense|Unknown|Chile|Oligoryzomys_longicaudatus|NK96566  0.0607303 0.0000000 0.0201818 0.0947389 0.0914799 0.0920715 0.0898255 0.0947389 0.0912232 0.1718739 0.1811699 0.1741211 0.1991112 0.1896440 0.8176872 0.8266226 0.8134533 0.8205448 5.9362165 
EU241700.1|Orthohantavirus_andesense|Unknown|Chile|Oligoryzomys_longicaudatus|NK96555  0.0636555 0.0201818 0.0000000 0.0980185 0.0947284 0.1021614 0.0964550 0.0980185 0.0943347 0.1544585 0.1599574 0.1675101 0.1904432 0.1788336 0.8199303 0.8305627 0.8172958 0.8244073 5.8497450 
EU241699.1|Orthohantavirus_andesense|Unknown|Chile|Oligoryzomys_longicaudatus|NK104544 0.1032183 0.0947389 0.0980185 0.0000000 0.0064711 0.0203779 0.0087424 0.0000010 0.0299615 0.1687856 0.1654814 0.1824083 0.1918197 0.1862253 0.8550566 0.8850505 0.8716341 0.8783122 4.8353786 
EU241698.1|Orthohantavirus_andesense|Unknown|Chile|Oligoryzomys_longicaudatus|NK104535 0.0998041 0.0914799 0.0947284 0.0064711 0.0000000 0.0252306 0.0132785 0.0064711 0.0299657 0.1645449 0.1613630 0.1779304 0.1921129 0.1865183 0.8622054 0.8818195 0.8684740 0.8751500 4.7227650 
EU241697.1|Orthohantavirus_andesense|Unknown|Chile|Oligoryzomys_longicaudatus|NK96703  0.1075717 0.0920715 0.1021614 0.0203779 0.0252306 0.0000000 0.0250376 0.0203779 0.0227019 0.1839875 0.1847063 0.2011342 0.1934243 0.1877968 0.8073834 0.8429617 0.8296427 0.8366765 5.2532421 
EU241696.1|Orthohantavirus_andesense|Unknown|Chile|Oligoryzomys_longicaudatus|NK95083  0.1016013 0.0898255 0.0964550 0.0087424 0.0132785 0.0250376 0.0000000 0.0087424 0.0363458 0.1645952 0.1614100 0.1804054 0.1966784 0.1911807 0.8092911 0.8470460 0.8339145 0.8408133 4.8432579 
EU241695.1|Orthohantavirus_andesense|Unknown|Chile|Oligoryzomys_longicaudatus|NK105362 0.1032183 0.0947389 0.0980185 0.0000010 0.0064711 0.0203779 0.0087424 0.0000000 0.0299615 0.1687856 0.1654814 0.1824083 0.1918197 0.1862253 0.8550566 0.8850505 0.8716341 0.8783122 4.8353786 
EU241694.1|Orthohantavirus_andesense|Unknown|Chile|Oligoryzomys_longicaudatus|NK105979 0.1028967 0.0912232 0.0943347 0.0299615 0.0299657 0.0227019 0.0363458 0.0299615 0.0000000 0.1631885 0.1684493 0.1812710 0.1815843 0.1737929 0.8531334 0.8718384 0.8584374 0.8652418 5.0618815 
EU241693.1|Orthohantavirus_andesense|Unknown|Chile|Oligoryzomys_longicaudatus|NK108843 0.1850981 0.1718739 0.1544585 0.1687856 0.1645449 0.1839875 0.1645952 0.1687856 0.1631885 0.0000000 0.0263997 0.0792073 0.0872108 0.0845003 0.8044659 0.8427120 0.8311922 0.8428583 3.8667207 
EU241692.1|Orthohantavirus_andesense|Unknown|Chile|Oligoryzomys_longicaudatus|NK120092 0.1924597 0.1811699 0.1599574 0.1654814 0.1613630 0.1847063 0.1614100 0.1654814 0.1684493 0.0263997 0.0000000 0.0796206 0.0797588 0.0770121 0.8127225 0.8382724 0.8205547 0.8320717 4.4681254 
EU241691.1|Orthohantavirus_andesense|Unknown|Chile|Oligoryzomys_longicaudatus|NK104619 0.1906043 0.1741211 0.1675101 0.1824083 0.1779304 0.2011342 0.1804054 0.1824083 0.1812710 0.0792073 0.0796206 0.0000000 0.0707471 0.0694285 0.8283928 0.8057604 0.7881810 0.7998272 4.7047803 
EU241690.1|Orthohantavirus_andesense|Unknown|Chile|Oligoryzomys_longicaudatus|NK96887  0.2293647 0.1991112 0.1904432 0.1918197 0.1921129 0.1934243 0.1966784 0.1918197 0.1815843 0.0872108 0.0797588 0.0707471 0.0000000 0.0032805 0.8281300 0.8794728 0.8566844 0.8724101 5.1557066 
EU241689.1|Orthohantavirus_andesense|Unknown|Chile|Oligoryzomys_longicaudatus|NK96865  0.2199261 0.1896440 0.1788336 0.1862253 0.1865183 0.1877968 0.1911807 0.1862253 0.1737929 0.0845003 0.0770121 0.0694285 0.0032805 0.0000000 0.8238908 0.8595817 0.8371554 0.8527698 4.9947781 
KF581134.1|Castelo_dos_Sonhos_virus|2010|Peru|Neacomys_spinosus|769                    0.8551968 0.8176872 0.8199303 0.8550566 0.8622054 0.8073834 0.8092911 0.8550566 0.8531334 0.8044659 0.8127225 0.8283928 0.8281300 0.8238908 0.0000000 0.1216134 0.1258226 0.1249883 4.4114384 
JF750419.1|Tunari_virus|2008|Bolivia|Homo_sapiens|FVB554                               0.8724152 0.8266226 0.8305627 0.8850505 0.8818195 0.8429617 0.8470460 0.8850505 0.8718384 0.8427120 0.8382724 0.8057604 0.8794728 0.8595817 0.1216134 0.0000000 0.0023449 0.0031246 3.7828138 
JF750418.1|Tunari_virus|2008|Bolivia|Homo_sapiens|FVB640                               0.8590027 0.8134533 0.8172958 0.8716341 0.8684740 0.8296427 0.8339145 0.8716341 0.8584374 0.8311922 0.8205547 0.7881810 0.8566844 0.8371554 0.1258226 0.0023449 0.0000000 0.0039252 3.8317708 
JF750417.1|Tunari_virus|2009|Bolivia|Homo_sapiens|FVB799                               0.8658072 0.8205448 0.8244073 0.8783122 0.8751500 0.8366765 0.8408133 0.8783122 0.8652418 0.8428583 0.8320717 0.7998272 0.8724101 0.8527698 0.1249883 0.0031246 0.0039252 0.0000000 3.9786162 
outgroup_PX489887.1                                                                    6.2133563 5.9362165 5.8497450 4.8353786 4.7227650 5.2532421 4.8432579 4.8353786 5.0618815 3.8667207 4.4681254 4.7047803 5.1557066 4.9947781 4.4114384 3.7828138 3.8317708 3.9786162 0.0000000 
