26
OR405525.1          0.0000000 0.0000010 0.0039623 0.0890564 0.0774057 0.0828021 0.0243805 0.0266964 0.0221089 0.0301921 0.0243805 0.0266437 0.1428947 0.1430231 0.1548662 0.1631976 0.1588398 0.6519270 0.3219845 0.3078146 0.3063288 0.3078698 0.0825072 0.4283330 0.5048330 3.2269183 
OR405520.1          0.0000010 0.0000000 0.0040370 0.0890564 0.0774057 0.0828021 0.0243805 0.0266964 0.0221089 0.0301921 0.0243805 0.0266437 0.1428947 0.1430231 0.1548662 0.1631976 0.1588398 0.6471607 0.3219845 0.3078146 0.3063288 0.3078698 0.0828108 0.4320706 0.5097669 3.1514862 
KY659432.1          0.0039623 0.0040370 0.0000000 0.0933268 0.0815202 0.0869690 0.0255365 0.0278610 0.0255769 0.0313691 0.0255365 0.0301517 0.1477997 0.1479133 0.1600268 0.1682616 0.1639785 0.6389593 0.3366801 0.3235064 0.3218973 0.3235652 0.0846621 0.4151572 0.4898515 3.0985036 
EU241702.1          0.0890564 0.0890564 0.0933268 0.0000000 0.0565444 0.0591173 0.0921014 0.0892821 0.0951909 0.0906269 0.0921014 0.0919163 0.1475749 0.1554215 0.1514829 0.1834249 0.1770587 0.4565195 0.3961074 0.3828942 0.3799212 0.3773443 0.0512900 0.3905403 0.4170975 1.8046679 
EU241701.1          0.0774057 0.0774057 0.0815202 0.0565444 0.0000000 0.0197501 0.0858057 0.0830512 0.0832197 0.0815868 0.0858057 0.0828902 0.1398486 0.1489227 0.1415388 0.1626723 0.1562072 0.4390747 0.3878038 0.3633795 0.3606826 0.3580037 0.0267175 0.4085256 0.4278677 1.7991077 
EU241700.1          0.0828021 0.0828021 0.0869690 0.0591173 0.0197501 0.0000000 0.0885717 0.0857986 0.0915978 0.0871241 0.0885717 0.0855913 0.1270793 0.1328681 0.1366144 0.1560024 0.1478556 0.4291949 0.3890163 0.3664864 0.3637669 0.3611239 0.0290590 0.3928301 0.4109949 1.7991193 
EU241699.1          0.0243805 0.0243805 0.0255365 0.0921014 0.0858057 0.0885717 0.0000000 0.0064296 0.0198627 0.0087111 0.0000010 0.0290283 0.1389654 0.1383801 0.1481672 0.1585151 0.1540788 0.4914768 0.3931338 0.3837102 0.3807174 0.3781370 0.0745535 0.4031461 0.4356364 1.7004175 
EU241698.1          0.0266964 0.0266964 0.0278610 0.0892821 0.0830512 0.0857986 0.0064296 0.0000000 0.0244679 0.0131656 0.0064296 0.0290294 0.1357826 0.1352169 0.1448451 0.1586067 0.1541691 0.4817626 0.3972651 0.3801526 0.3771978 0.3745867 0.0718857 0.4058102 0.4328746 1.6885102 
EU241697.1          0.0221089 0.0221089 0.0255769 0.0951909 0.0832197 0.0915978 0.0198627 0.0244679 0.0000000 0.0243537 0.0198627 0.0221022 0.1484996 0.1511745 0.1608378 0.1581525 0.1537054 0.4822203 0.3752823 0.3712290 0.3684128 0.3657638 0.0747323 0.3914619 0.4127461 1.7353709 
EU241696.1          0.0301921 0.0301921 0.0313691 0.0906269 0.0815868 0.0871241 0.0087111 0.0131656 0.0243537 0.0000000 0.0087111 0.0349365 0.1348354 0.1342777 0.1463889 0.1609046 0.1565155 0.4821591 0.3642844 0.3664973 0.3637161 0.3610120 0.0704796 0.3999538 0.4172558 1.7015894 
EU241695.1          0.0243805 0.0243805 0.0255365 0.0921014 0.0858057 0.0885717 0.0000010 0.0064296 0.0198627 0.0087111 0.0000000 0.0290283 0.1389654 0.1383801 0.1481672 0.1585151 0.1540788 0.4914768 0.3931338 0.3837102 0.3807174 0.3781370 0.0745535 0.4031461 0.4356364 1.7004175 
EU241694.1          0.0266437 0.0266437 0.0301517 0.0919163 0.0828902 0.0855913 0.0290283 0.0290294 0.0221022 0.0349365 0.0290283 0.0000000 0.1346754 0.1404929 0.1479585 0.1506597 0.1445179 0.4653622 0.3996112 0.3808901 0.3779496 0.3753653 0.0690754 0.3947712 0.4353753 1.7086033 
EU241693.1          0.1428947 0.1428947 0.1477997 0.1475749 0.1398486 0.1270793 0.1389654 0.1357826 0.1484996 0.1348354 0.1389654 0.1346754 0.0000000 0.0255962 0.0723955 0.0797986 0.0774906 0.4958264 0.3738345 0.3693714 0.3663090 0.3694696 0.1300723 0.3632277 0.3783430 1.5597810 
EU241692.1          0.1430231 0.1430231 0.1479133 0.1554215 0.1489227 0.1328681 0.1383801 0.1352169 0.1511745 0.1342777 0.1383801 0.1404929 0.0255962 0.0000000 0.0738119 0.0739649 0.0715880 0.5147616 0.3862465 0.3689929 0.3603580 0.3634956 0.1396696 0.3756946 0.3744972 1.6698064 
EU241691.1          0.1548662 0.1548662 0.1600268 0.1514829 0.1415388 0.1366144 0.1481672 0.1448451 0.1608378 0.1463889 0.1481672 0.1479585 0.0723955 0.0738119 0.0000000 0.0658353 0.0647094 0.4883857 0.3989618 0.3522340 0.3437441 0.3467210 0.1380114 0.3693546 0.4211537 1.6564186 
EU241690.1          0.1631976 0.1631976 0.1682616 0.1834249 0.1626723 0.1560024 0.1585151 0.1586067 0.1581525 0.1609046 0.1585151 0.1506597 0.0797986 0.0739649 0.0658353 0.0000000 0.0032641 0.4800165 0.3994981 0.4059846 0.3921171 0.4005443 0.1631795 0.3807470 0.4073892 1.7361455 
EU241689.1          0.1588398 0.1588398 0.1639785 0.1770587 0.1562072 0.1478556 0.1540788 0.1541691 0.1537054 0.1565155 0.1540788 0.1445179 0.0774906 0.0715880 0.0647094 0.0032641 0.0000000 0.4827060 0.3968635 0.3927913 0.3787996 0.3872383 0.1567203 0.3785204 0.4032553 1.7159228 
KP202360.1          0.6519270 0.6471607 0.6389593 0.4565195 0.4390747 0.4291949 0.4914768 0.4817626 0.4822203 0.4821591 0.4914768 0.4653622 0.4958264 0.5147616 0.4883857 0.4800165 0.4827060 0.0000000 0.4209849 0.3983168 0.3960898 0.3943702 0.6019709 0.6204221 0.7464975 2.7701551 
KF581134.1          0.3219845 0.3219845 0.3366801 0.3961074 0.3878038 0.3890163 0.3931338 0.3972651 0.3752823 0.3642844 0.3931338 0.3996112 0.3738345 0.3862465 0.3989618 0.3994981 0.3968635 0.4209849 0.0000000 0.1062141 0.1091883 0.1088683 0.3141224 0.3203688 0.2982133 1.5211689 
JF750419.1          0.3078146 0.3078146 0.3235064 0.3828942 0.3633795 0.3664864 0.3837102 0.3801526 0.3712290 0.3664973 0.3837102 0.3808901 0.3693714 0.3689929 0.3522340 0.4059846 0.3927913 0.3983168 0.1062141 0.0000000 0.0023544 0.0031190 0.2969256 0.2996671 0.2526927 1.4781072 
JF750418.1          0.3063288 0.3063288 0.3218973 0.3799212 0.3606826 0.3637669 0.3807174 0.3771978 0.3684128 0.3637161 0.3807174 0.3779496 0.3663090 0.3603580 0.3437441 0.3921171 0.3787996 0.3960898 0.1091883 0.0023544 0.0000000 0.0039357 0.2955165 0.3009638 0.2489520 1.4760694 
JF750417.1          0.3078698 0.3078698 0.3235652 0.3773443 0.3580037 0.3611239 0.3781370 0.3745867 0.3657638 0.3610120 0.3781370 0.3753653 0.3694696 0.3634956 0.3467210 0.4005443 0.3872383 0.3943702 0.1088683 0.0031190 0.0039357 0.0000000 0.2969785 0.2961681 0.2494656 1.5053243 
AF291702.1          0.0825072 0.0828108 0.0846621 0.0512900 0.0267175 0.0290590 0.0745535 0.0718857 0.0747323 0.0704796 0.0745535 0.0690754 0.1300723 0.1396696 0.1380114 0.1631795 0.1567203 0.6019709 0.3141224 0.2969256 0.2955165 0.2969785 0.0000000 0.4111572 0.4848194 2.9618807 
AF325966.1          0.4283330 0.4320706 0.4151572 0.3905403 0.4085256 0.3928301 0.4031461 0.4058102 0.3914619 0.3999538 0.4031461 0.3947712 0.3632277 0.3756946 0.3693546 0.3807470 0.3785204 0.6204221 0.3203688 0.2996671 0.3009638 0.2961681 0.4111572 0.0000000 0.2643585 3.9580069 
DQ345763.1          0.5048330 0.5097669 0.4898515 0.4170975 0.4278677 0.4109949 0.4356364 0.4328746 0.4127461 0.4172558 0.4356364 0.4353753 0.3783430 0.3744972 0.4211537 0.4073892 0.4032553 0.7464975 0.2982133 0.2526927 0.2489520 0.2494656 0.4848194 0.2643585 0.0000000 3.3456091 
outgroup_PX489887.1 3.2269183 3.1514862 3.0985036 1.8046679 1.7991077 1.7991193 1.7004175 1.6885102 1.7353709 1.7015894 1.7004175 1.7086033 1.5597810 1.6698064 1.6564186 1.7361455 1.7159228 2.7701551 1.5211689 1.4781072 1.4760694 1.5053243 2.9618807 3.9580069 3.3456091 0.0000000 
